
=== Metrics for education ===
               size proportion  fbeta precision recall
value                                                 
 Masters        326      0.050  0.886     0.862  0.911
 Bachelors     1075      0.165  0.816     0.786  0.848
 12th            75      0.012  0.400     1.000  0.250
 Assoc-acdm     224      0.034  0.721     0.690  0.755
 Some-college  1452      0.223  0.639     0.730  0.568
 HS-grad       2091      0.321  0.510     0.796  0.375
 Doctorate       90      0.014  0.845     0.811  0.882
 Assoc-voc      271      0.042  0.633     0.772  0.537
 11th           244      0.037  0.533     1.000  0.364
 1st-4th         37      0.006  1.000     1.000  1.000
 Prof-school    116      0.018  0.889     0.825  0.964
 10th           185      0.028  0.353     1.000  0.214
 Preschool       13      0.002  1.000     1.000  1.000
 7th-8th        127      0.020  0.250     0.500  0.167
 9th            118      0.018  0.250     1.000  0.143
 5th-6th         64      0.010  1.000     1.000  1.000

